29 27 1
29 27 1
29 27 1
29 27 1
29 27 1
32 27 1
41 27 1
49 27 1
55 28 1
65 28 1
73 28 1
82 30 1
91 30 1
101 32 1
108 32 1
114 32 1
120 32 1
127 33 1
144 36 1
156 36 1
167 36 1
181 36 1
196 36 1
215 36 1
228 36 1
239 36 1
250 37 1
263 38 1
280 38 1
305 38 1
323 38 1
340 38 1
356 41 1
378 41 1
399 41 1
421 41 1
444 41 1
453 42 1
465 43 1
474 43 1
474 43 1
474 43 1
474 43 1
475 43 1
475 45 1
468 49 1
456 55 1
441 61 1
414 72 1
379 88 1
354 100 1
337 108 1
319 119 1
297 130 1
265 151 1
247 168 1
235 178 1
220 191 1
200 205 1
178 225 1
155 249 1
137 268 1
123 287 1
108 304 1
95 323 1
85 345 1
75 374 1
68 388 1
62 402 1
55 416 1
49 427 1
47 431 1
44 436 1
44 437 1
42 438 1
42 438 1
42 438 1
43 438 1
51 440 1
72 440 1
107 440 1
169 440 1
248 440 1
313 440 1
339 440 1
355 442 1
370 443 1
396 446 1
425 447 1
446 452 1
449 452 1
451 453 1
452 454 1
454 456 1
454 456 1
456 456 1
460 456 1
467 456 1
476 456 1
481 456 1
481 456 1
481 456 1
481 456 1
481 456 1
480 453 1
475 448 1
470 442 1
459 432 1
449 422 1
431 409 1
413 400 1
390 388 1
354 364 1
332 348 1
306 332 1
269 302 1
238 276 1
211 250 1
194 232 1
175 216 1
159 200 1
145 189 1
134 176 1
119 161 1
98 143 1
68 118 1
56 104 1
45 91 1
33 78 1
21 63 1
8 53 1
-3 44 1
-5 43 1
-5 43 1
-5 43 1
-5 43 1
-4 43 1
1 44 1
33 49 1
93 50 1
157 55 1
217 63 1
276 70 1
324 79 1
382 92 1
431 104 1
464 114 1
500 124 1
515 130 1
522 134 1
525 135 1
525 140 1
525 145 1
525 148 1
523 154 1
519 161 1
506 169 1
490 177 1
474 185 1
442 197 1
397 207 1
337 217 1
268 229 1
208 239 1
162 243 1
122 246 1
86 252 1
58 260 1
47 265 1
45 271 1
44 278 1
44 284 1
44 293 1
53 313 1
67 326 1
88 335 1
124 341 1
175 352 1
226 356 1
283 358 1
338 358 1
387 358 1
407 358 1
411 358 1
413 358 1
413 358 1
413 358 1
413 358 1
414 358 1
416 358 1
420 358 1
430 353 1
435 352 1
435 352 1
435 352 1
435 352 1
435 352 1
435 352 1
436 351 0
436 350 0
436 350 0
436 350 0
436 350 0
436 350 0
436 350 0
436 350 0
436 350 0
436 350 0
436 350 0
436 350 0
436 350 0
436 350 0
436 349 0
436 349 0
436 349 0
436 347 0
436 347 0
436 346 0
436 346 0
436 346 0
436 346 0
436 346 0
436 346 0
436 346 0
436 346 0
436 346 0
436 346 0
436 346 0
436 346 0
436 346 0
436 346 0
436 346 0
436 346 0
436 346 0
436 346 0
436 346 0
436 346 0
436 346 0
436 346 0
436 346 0
436 346 0
436 346 0
436 346 0
436 346 0
436 346 0
436 346 0
436 346 0
436 346 0
436 346 0
